129
	-196
		299
		24
			-281
				177
				207
				198
				261
				193
				-174
				-127
				-281
				136
			-9
				210
				-9
				148
				267
			-132
				-132
			-291
				-291
			-291
				-291
			24
				292
				52
				24
				91
				245
				258
			-14
				74
				43
				90
				-14
			-270
				-270
			-138
				104
				-138
			-289
				37
				-289
		33
			5
				277
				5
				233
				263
				164
			21
				256
				68
				144
				21
				121
				61
				244
			33
				33
		-196
			-196
				84
				96
				-196
				1
				282
		-119
			-289
				226
				-203
				271
				-161
				63
				99
				-167
				-102
				-289
			-119
				138
				141
				78
				156
				-119
		-27
			-27
				277
				44
				112
				260
				137
				192
				290
				-27
				68
				88
		92
			92
				127
				292
				92
				165
				119
				125
		-116
			-277
				122
				17
				31
				220
				284
				124
				277
				177
				-277
			-116
				152
				200
				46
				94
				-116
				95
				268
				137
				2
				144
		10
			10
				10
				291
	14
		113
			-216
			-205
				6
				21
				-205
			113
				113
				291
				239
			-83
				-83
			-61
				249
				154
				-61
		76
			-236
				253
				-65
				187
				-236
			-258
				198
				195
				163
				14
				-258
			-202
				-38
				181
				297
				5
				-136
				-202
			5
				243
				262
				102
				19
				67
				194
				5
				262
			76
				212
				101
				76
				199
				76
			53
				53
			-297
				-297
		158
			158
				158
		129
			-252
				135
				-252
			-154
				17
				-154
				156
				157
				-59
				264
				-74
				-3
				29
			129
		14
			-58
				123
				213
				250
				185
				179
				88
				248
				6
				24
				-58
			14
				113
				14
				167
				49
				258
				84
		260
			-211
				120
				260
				45
				22
				288
				-211
			-62
				-62
			260
				260
		68
			68
				123
				68
				249
				262
	90
	77
		77
			77
				242
				77
			33
				33
			-266
				-266
			71
	71
		147
			27
				27
			-103
				283
				-103
			147
				147
			52
				52
			47
				47
			-274
				290
				-274
		118
			37
			-124
				-124
			17
				203
				242
				17
			-17
			118
				144
				219
				222
				118
		71
			-151
				-151
			71
				71
			-59
				189
				123
				-59
	51
		51
			43
				43
			1
			-273
				177
				-273
			46
				236
				46
			51
				51
			3
				3
			-286
				236
				292
				-286
	54
		54
			-75
				-75
			54
				136
				186
				54
	129
		188
			-210
				289
				-210
			188
			50
				50
		205
			36
				36
			205
				205
		129
			16
				16
			-159
				156
				-159
			129
				129
				184
	104
		104
			104
			45
				171
				275
				45
			78
				78
			-38
				297
				-38
			32
				32
	113
		113
			3
				189
				3
			23
				23
			-221
				257
				268
				-221
			113
				113
			25
				142
				217
				25
